Result:
10.0000 20.0000 20.0000 20.0000 20.0000 20.0000 10.0000
10.0000 15.1433 17.0807 17.6034 17.0807 15.1433 10.0000
10.0000 13.4926 15.5759 16.2525 15.5759 13.4926 10.0000
10.0000 13.2511 15.4779 16.2546 15.4779 13.2511 10.0000
10.0000 14.0339 16.8300 17.8101 16.8300 14.0339 10.0000
10.0000 16.0546 19.9981 21.3258 19.9981 16.0546 10.0000
10.0000 20.1862 25.7821 27.4969 25.7821 20.1862 10.0000
10.0000 28.9083 35.4470 37.0978 35.4470 28.9083 10.0000
10.0000 50.0000 50.0000 50.0000 50.0000 50.0000 10.0000
