Result:
10.0000 110.0000 110.0000 110.0000 110.0000 110.0000 110.0000 110.0000 110.0000 110.0000 110.0000 110.0000 110.0000 110.0000 110.0000 110.0000 110.0000 110.0000 110.0000 110.0000 110.0000 110.0000 110.0000 110.0000 110.0000 110.0000 110.0000 110.0000 110.0000 110.0000 110.0000
10.0000 59.9805 79.7262 89.0023 94.0716 97.1882 99.2770 100.7672 101.8804 102.7410 103.4244 103.9784 104.4349 104.8162 105.1378 105.4115 105.6457 105.8470 106.0206 106.1702 106.2992 106.4098 106.5042 106.5839 106.6501 106.7040 106.7462 106.7773 106.7979 106.8081 106.8081
10.0000 40.1959 59.9221 72.2113 80.0961 85.4042 89.1525 91.9115 94.0132 95.6594 96.9782 98.0542 98.9452 99.6919 100.3237 100.8623 101.3242 101.7219 102.0650 102.3612 102.6166 102.8359 103.0231 103.1812 103.3127 103.4196 103.5034 103.5653 103.6061 103.6264 103.6264
10.0000 30.8808 47.5549 59.8247 68.6972 75.1799 80.0172 83.7131 86.6015 88.9052 90.7748 92.3150 93.5997 94.6824 95.6027 96.3900 97.0670 97.6512 98.1563 98.5930 98.9700 99.2942 99.5711 99.8051 99.9999 100.1583 100.2826 100.3743 100.4349 100.4649 100.4649
10.0000 25.7725 39.5922 50.8352 59.6883 66.6012 72.0234 76.3221 79.7747 82.5849 84.9009 86.8313 88.4562 89.8355 91.0145 92.0279 92.9026 93.6597 94.3160 94.8846 95.3763 95.7997 96.1618 96.4682 96.7235 96.9312 97.0942 97.2146 97.2941 97.3336 97.3336
10.0000 22.6170 34.2062 44.2356 52.6196 59.5130 65.1531 69.7772 73.5903 76.7587 79.4126 81.6531 83.5584 85.1890 86.5920 87.8045 88.8558 89.7691 90.5632 91.2530 91.8509 92.3666 92.8083 93.1826 93.4946 93.7488 93.9484 94.0959 94.1933 94.2417 94.2417
10.0000 20.4892 30.3799 39.2814 47.0415 53.6781 59.2988 64.0431 68.0508 71.4470 74.3377 76.8102 78.9353 80.7699 82.3600 83.7424 84.9470 85.9978 86.9147 87.7135 88.4075 89.0075 89.5223 89.9590 90.3237 90.6209 90.8546 91.0274 91.1415 91.1982 91.1982
10.0000 18.9600 27.5429 35.4686 42.5869 48.8593 54.3208 59.0457 63.1228 66.6407 69.6809 72.3147 74.6025 76.5954 78.3357 79.8581 81.1918 82.3605 83.3841 84.2788 85.0583 85.7336 86.3142 86.8076 87.2201 87.5568 87.8216 88.0176 88.1470 88.2114 88.2114
10.0000 17.8078 25.3632 32.4631 38.9783 44.8512 50.0794 54.6962 58.7539 62.3122 65.4307 68.1650 70.5648 72.6737 74.5290 76.1627 77.6016 78.8684 79.9824 80.9594 81.8130 82.5545 83.1933 83.7371 84.1924 84.5644 84.8573 85.0743 85.2177 85.2890 85.2890
10.0000 16.9080 23.6388 30.0423 36.0120 41.4878 46.4494 50.9058 54.8845 58.4236 61.5647 64.3497 66.8179 69.0054 70.9441 72.6620 74.1834 75.5293 76.7175 77.7634 78.6800 79.4782 80.1673 80.7551 81.2480 81.6512 81.9690 82.2046 82.3604 82.4379 82.4379
10.0000 16.1855 22.2417 28.0553 33.5397 38.6387 43.3247 47.5929 51.4548 54.9328 58.0548 60.8511 63.3519 65.5860 67.5800 69.3578 70.9408 72.3477 73.5950 74.6968 75.6652 76.5109 77.2427 77.8680 78.3932 78.8235 79.1629 79.4148 79.5814 79.6643 79.6643
10.0000 15.5923 21.0873 26.3976 31.4526 36.2026 40.6178 44.6861 48.4091 51.7981 54.8707 57.6480 60.1525 62.4067 64.4320 66.2484 67.8742 69.3259 70.6180 71.7634 72.7733 73.6575 74.4244 75.0810 75.6334 76.0866 76.4444 76.7101 76.8860 76.9736 76.9736
10.0000 15.0964 20.1177 24.9949 29.6707 34.1013 38.2579 42.1247 45.6973 48.9797 51.9818 54.7178 57.2036 59.4563 61.4928 63.3296 64.9818 66.4636 67.7877 68.9655 70.0072 70.9215 71.7164 72.3983 72.9729 73.4449 73.8180 74.0954 74.2790 74.3705 74.3705
10.0000 14.6757 19.2920 23.7939 28.1338 32.2741 36.1877 39.8576 43.2758 46.4415 49.3592 52.0376 54.4877 56.7220 58.7535 60.5953 62.2599 63.7590 65.1036 66.3037 67.3682 68.3051 69.1213 69.8229 70.4150 70.9020 71.2875 71.5742 71.7642 71.8589 71.8589
10.0000 14.3143 18.5809 22.7548 26.7965 30.6735 34.3611 37.8422 41.1069 44.1512 46.9759 49.5857 51.9876 54.1905 56.2040 58.0383 59.7033 61.2089 62.5641 63.7776 64.8570 65.8093 66.6408 67.3569 67.9622 68.4607 68.8557 69.1498 69.3448 69.4419 69.4419
10.0000 14.0007 17.9624 21.8478 25.6239 29.2624 32.7410 36.0432 39.1583 42.0804 44.8076 47.3417 49.6866 51.8483 53.8337 55.6504 57.3062 58.8091 60.1665 61.3855 62.4728 63.4344 64.2757 65.0016 65.6162 66.1230 66.5250 66.8244 67.0231 67.1222 67.1222
10.0000 13.7263 17.4200 21.0503 24.5888 28.0111 31.2972 34.4314 37.4028 40.2043 42.8325 45.2868 47.5689 49.6825 51.6321 53.4234 55.0622 56.5548 57.9071 59.1251 60.2143 61.1797 62.0261 62.7576 63.3779 63.8901 64.2967 64.5998 64.8011 64.9014 64.9014
10.0000 13.4843 16.9412 20.3445 23.6700 26.8962 30.0052 32.9825 35.8172 38.5017 41.0313 43.4040 45.6198 47.6805 49.5889 51.3487 52.9644 54.4407 55.7821 56.9936 58.0795 59.0441 59.8914 60.6249 61.2478 61.7627 62.1718 62.4771 62.6799 62.7811 62.7811
10.0000 13.2697 16.5160 19.7165 22.8503 25.8985 28.8449 31.6762 34.3818 36.9538 39.3870 41.6781 43.8260 45.8308 47.6941 49.4183 51.0062 52.4613 53.7872 54.9875 56.0659 57.0259 57.8705 58.6029 59.2256 59.7410 60.1509 60.4570 60.6604 60.7619 60.7619
10.0000 13.0784 16.1367 19.1553 22.1162 25.0025 27.7998 30.4957 33.0800 35.5449 37.8847 40.0955 42.1751 44.1227 45.9386 47.6240 49.1807 50.6111 51.9178 53.1035 54.1709 55.1228 55.9619 56.6905 57.3108 57.8247 58.2338 58.5395 58.7427 58.8442 58.8442
10.0000 12.9072 15.7969 18.6520 21.4565 24.1957 26.8562 29.4266 31.8975 34.2611 36.5113 38.6440 40.6562 42.5462 44.3135 45.9584 47.4817 48.8847 50.1694 51.3376 52.3913 53.3327 54.1638 54.8864 55.5023 56.0132 56.4202 56.7245 56.9269 57.0279 57.0279
10.0000 12.7535 15.4916 18.1993 20.8623 23.4674 26.0025 28.4572 30.8224 33.0905 35.2556 37.3130 39.2594 41.0925 42.8110 44.4143 45.9027 47.2768 48.5375 49.6861 50.7241 51.6529 52.4741 53.1890 53.7990 54.3055 54.7093 55.0113 55.2123 55.3127 55.3127
10.0000 12.6152 15.2168 17.7913 20.3260 22.8091 25.2294 27.5773 29.8443 32.0230 34.1076 36.0931 37.9759 39.7534 41.4235 42.9853 44.4382 45.7822 47.0177 48.1454 49.1661 50.0808 50.8906 51.5964 52.1994 52.7003 53.1001 53.3993 53.5984 53.6979 53.6979
10.0000 12.4906 14.9689 17.4231 19.8415 22.2134 24.5287 26.7784 28.9544 31.0497 33.0585 34.9759 36.7979 38.5215 40.1444 41.6651 43.0825 44.3960 45.6057 46.7116 47.7140 48.6136 49.4110 50.1068 50.7017 51.1964 51.5914 51.8872 52.0842 52.1827 52.1827
10.0000 12.3781 14.7453 17.0905 19.4035 21.6743 23.8936 26.0531 28.1451 30.1630 32.1009 33.9541 35.7183 37.3903 38.9676 40.4482 41.8306 43.1139 44.2975 45.3811 46.3648 47.2487 48.0330 48.7181 49.3044 49.7922 50.1820 50.4740 50.6686 50.7658 50.7658
10.0000 12.2767 14.5435 16.7903 19.0077 21.1866 23.3184 25.3952 27.4100 29.3561 31.2282 33.0211 34.7308 36.3539 37.8875 39.3294 40.6778 41.9314 43.0892 44.1507 45.1155 45.9833 46.7542 47.4282 48.0054 48.4860 48.8703 49.1583 49.3502 49.4461 49.4461
10.0000 12.1854 14.3615 16.5195 18.6505 20.7460 22.7982 24.7995 26.7434 28.6235 30.4344 32.1713 33.8301 35.4070 36.8992 38.3041 39.6198 40.8446 41.9773 43.0170 43.9630 44.8149 45.5723 46.2350 46.8030 47.2763 47.6548 47.9386 48.1278 48.2224 48.2224
10.0000 12.1031 14.1978 16.2757 18.3286 20.3488 22.3287 24.2614 26.1405 27.9600 29.7147 31.3998 33.0110 34.5448 35.9981 37.3681 38.6526 39.8499 40.9584 41.9770 42.9048 43.7409 44.4850 45.1366 45.6954 46.1612 46.5340 46.8136 47.0001 47.0933 47.0933
10.0000 12.0294 14.0509 16.0569 18.0396 19.9917 21.9064 23.7769 25.5972 27.3615 29.0647 30.7020 32.2695 33.7633 35.1802 36.5175 37.7727 38.9440 40.0295 41.0279 41.9380 42.7591 43.4902 44.1309 44.6807 45.1393 45.5064 45.7818 45.9656 46.0574 46.0574
10.0000 11.9635 13.9197 15.8612 17.7811 19.6723 21.5282 23.3427 25.1098 26.8240 28.4804 30.0743 31.6016 33.0586 34.4420 35.7489 36.9769 38.1237 39.1876 40.1670 41.0605 41.8671 42.5859 43.2161 43.7572 44.2088 44.5704 44.8418 45.0229 45.1134 45.1134
10.0000 11.9050 13.8030 15.6873 17.5512 19.3880 21.1915 22.9558 24.6752 26.3444 27.9585 29.5131 31.0040 32.4274 33.7802 35.0593 36.2622 37.3865 38.4303 39.3919 40.2699 41.0629 41.7701 42.3904 42.9233 43.3682 43.7246 43.9921 44.1707 44.2600 44.2600
10.0000 11.8534 13.7002 15.5339 17.3483 19.1370 20.8941 22.6139 24.2908 25.9199 27.4963 29.0156 30.4737 31.8670 33.1921 34.4460 35.6260 36.7298 37.7552 38.7005 39.5641 40.3447 41.0410 41.6522 42.1775 42.6161 42.9676 43.2315 43.4077 43.4958 43.4958
10.0000 11.8083 13.6103 15.3999 17.1710 18.9176 20.6340 22.3147 23.9544 25.5481 27.0911 28.5792 30.0083 31.3748 32.6752 33.9065 35.0661 36.1514 37.1602 38.0908 38.9414 39.7106 40.3972 41.0000 41.5182 41.9511 42.2981 42.5588 42.7327 42.8197 42.8197
10.0000 11.7695 13.5329 15.2845 17.0182 18.7285 20.4097 22.0565 23.6639 25.2269 26.7410 28.2019 29.6056 30.9486 32.2273 33.4389 34.5804 35.6493 36.6436 37.5611 38.4002 39.1592 39.8370 40.4323 40.9443 41.3721 41.7150 41.9727 42.1447 42.2307 42.2307
10.0000 11.7366 13.4675 15.1868 16.8889 18.5684 20.2198 21.8379 23.4177 24.9546 26.4440 27.8817 29.2638 30.5866 31.8468 33.0412 34.1672 35.2221 36.2036 37.1098 37.9389 38.6891 39.3593 39.9481 40.4545 40.8778 41.2173 41.4723 41.6425 41.7277 41.7277
10.0000 11.7095 13.4135 15.1063 16.7823 18.4364 20.0631 21.6575 23.2146 24.7298 26.1987 27.6171 28.9811 30.2872 31.5319 32.7121 33.8250 34.8681 35.8391 36.7357 37.5563 38.2992 38.9629 39.5461 40.0480 40.4675 40.8039 41.0567 41.2255 41.3099 41.3099
10.0000 11.6881 13.3707 15.0424 16.6978 18.3317 19.9388 21.5143 23.0533 24.5513 26.0038 27.4069 28.7565 30.0492 31.2814 32.4503 33.5528 34.5864 35.5487 36.4378 37.2515 37.9884 38.6468 39.2257 39.7237 40.1401 40.4741 40.7252 40.8927 40.9766 40.9766
10.0000 11.6721 13.3388 14.9948 16.6348 18.2536 19.8462 21.4076 22.9331 24.4182 25.8585 27.2501 28.5889 29.8715 31.0945 32.2547 33.3494 34.3759 35.3318 36.2150 37.0236 37.7560 38.4105 38.9859 39.4811 39.8952 40.2274 40.4770 40.6437 40.7271 40.7271
10.0000 11.6615 13.3177 14.9633 16.5930 18.2019 19.7847 21.3367 22.8533 24.3298 25.7620 27.1459 28.4776 29.7535 30.9702 32.1248 33.2142 34.2359 35.1875 36.0669 36.8721 37.6013 38.2532 38.8264 39.3197 39.7322 40.0631 40.3119 40.4779 40.5610 40.5610
10.0000 11.6562 13.3072 14.9476 16.5722 18.1760 19.7541 21.3014 22.8135 24.2857 25.7139 27.0940 28.4221 29.6946 30.9083 32.0599 33.1467 34.1660 35.1155 35.9929 36.7964 37.5241 38.1747 38.7467 39.2391 39.6508 39.9811 40.2294 40.3951 40.4781 40.4781
10.0000 11.6562 13.3072 14.9476 16.5722 18.1760 19.7541 21.3014 22.8135 24.2857 25.7139 27.0940 28.4221 29.6946 30.9083 32.0599 33.1467 34.1660 35.1155 35.9929 36.7964 37.5241 38.1747 38.7467 39.2391 39.6508 39.9811 40.2294 40.3951 40.4781 40.4781
