Result:
10.0000 20.0000 20.0000 20.0000 20.0000 20.0000 20.0000 20.0000 20.0000 20.0000 20.0000 20.0000 20.0000 20.0000 20.0000 20.0000 20.0000 20.0000 20.0000 20.0000 20.0000 20.0000 20.0000 20.0000 20.0000 20.0000 20.0000 20.0000 20.0000 20.0000 10.0000
10.0000 15.0053 16.9868 17.9208 18.4334 18.7496 18.9617 19.1123 19.2233 19.3070 19.3704 19.4181 19.4529 19.4767 19.4905 19.4951 19.4905 19.4767 19.4529 19.4181 19.3704 19.3070 19.2233 19.1123 18.9617 18.7496 18.4334 17.9208 16.9868 15.0053 10.0000
10.0000 13.0343 15.0211 16.2631 17.0631 17.6033 17.9848 18.2642 18.4741 18.6341 18.7565 18.8490 18.9168 18.9633 18.9904 18.9993 18.9904 18.9633 18.9168 18.8490 18.7565 18.6341 18.4741 18.2642 17.9848 17.6033 17.0631 16.2631 15.0211 13.0343 10.0000
10.0000 12.1108 13.8002 15.0475 15.9527 16.6156 17.1101 17.4856 17.7747 17.9989 18.1724 18.3047 18.4022 18.4692 18.5084 18.5214 18.5084 18.4692 18.4022 18.3047 18.1724 17.9989 17.7747 17.4856 17.1101 16.6156 15.9527 15.0475 13.8002 12.1108 10.0000
10.0000 11.6088 13.0213 14.1739 15.0844 15.7966 16.3543 16.7933 17.1403 17.4144 17.6294 17.7951 17.9180 18.0030 18.0528 18.0692 18.0528 18.0030 17.9180 17.7951 17.6294 17.4144 17.1403 16.7933 16.3543 15.7966 15.0844 14.1739 13.0213 11.6088 10.0000
10.0000 11.3032 12.5022 13.5426 14.4144 15.1319 15.7173 16.1932 16.5786 16.8890 17.1359 17.3282 17.4719 17.5718 17.6306 17.6500 17.6306 17.5718 17.4719 17.3282 17.1359 16.8890 16.5786 16.1932 15.7173 15.1319 14.4144 13.5426 12.5022 11.3032 10.0000
10.0000 11.1016 12.1418 13.0798 13.8989 14.5991 15.1898 15.6834 16.0921 16.4270 16.6972 16.9096 17.0698 17.1816 17.2477 17.2695 17.2477 17.1816 17.0698 16.9096 16.6972 16.4270 16.0921 15.6834 15.1898 14.5991 13.8989 13.0798 12.1418 11.1016 10.0000
10.0000 10.9616 11.8835 12.7360 13.5020 14.1760 14.7596 15.2584 15.6794 16.0299 16.3161 16.5434 16.7160 16.8372 16.9090 16.9328 16.9090 16.8372 16.7160 16.5434 16.3161 16.0299 15.6794 15.2584 14.7596 14.1760 13.5020 12.7360 11.8835 10.9616 10.0000
10.0000 10.8611 11.6947 12.4785 13.1973 13.8433 14.4141 14.9110 15.3373 15.6969 15.9939 16.2319 16.4138 16.5421 16.6184 16.6437 16.6184 16.5421 16.4138 16.2319 15.9939 15.6969 15.3373 14.9110 14.4141 13.8433 13.1973 12.4785 11.6947 10.8611 10.0000
10.0000 10.7880 11.5559 12.2860 12.9655 13.5858 14.1425 14.6344 15.0619 15.4267 15.7308 15.9763 16.1652 16.2989 16.3787 16.4053 16.3787 16.2989 16.1652 15.9763 15.7308 15.4267 15.0619 14.6344 14.1425 13.5858 12.9655 12.2860 11.5559 10.7880 10.0000
10.0000 10.7352 11.4546 12.1443 12.7927 13.3917 13.9358 14.4221 14.8492 15.2171 15.5262 15.7774 15.9717 16.1098 16.1924 16.2199 16.1924 16.1098 15.9717 15.7774 15.5262 15.2171 14.8492 14.4221 13.9358 13.3917 12.7927 12.1443 11.4546 10.7352 10.0000
10.0000 10.6980 11.3832 12.0438 12.6695 13.2525 13.7870 14.2689 14.6958 15.0662 15.3795 15.6355 15.8343 15.9761 16.0611 16.0894 16.0611 15.9761 15.8343 15.6355 15.3795 15.0662 14.6958 14.2689 13.7870 13.2525 12.6695 12.0438 11.3832 10.6980 10.0000
10.0000 10.6737 11.3365 11.9780 12.5890 13.1619 13.6907 14.1708 14.5988 14.9724 15.2901 15.5508 15.7540 15.8993 15.9865 16.0156 15.9865 15.8993 15.7540 15.5508 15.2901 14.9724 14.5988 14.1708 13.6907 13.1619 12.5890 11.9780 11.3365 10.6737 10.0000
10.0000 10.6604 11.3111 11.9426 12.5465 13.1155 13.6432 14.1248 14.5562 14.9346 15.2576 15.5236 15.7315 15.8805 15.9701 16.0000 15.9701 15.8805 15.7315 15.5236 15.2576 14.9346 14.5562 14.1248 13.6432 13.1155 12.5465 11.9426 11.3111 10.6604 10.0000
10.0000 10.6569 11.3048 11.9349 12.5391 13.1102 13.6419 14.1289 14.5668 14.9521 15.2821 15.5545 15.7679 15.9211 16.0133 16.0441 16.0133 15.9211 15.7679 15.5545 15.2821 14.9521 14.5668 14.1289 13.6419 13.1102 12.5391 11.9349 11.3048 10.6569 10.0000
10.0000 10.6625 11.3163 11.9530 12.5647 13.1443 13.6853 14.1820 14.6299 15.0250 15.3640 15.6445 15.8646 16.0227 16.1180 16.1498 16.1180 16.0227 15.8646 15.6445 15.3640 15.0250 14.6299 14.1820 13.6853 13.1443 12.5647 11.9530 11.3163 10.6625 10.0000
10.0000 10.6767 11.3448 11.9961 12.6226 13.2170 13.7728 14.2841 14.7459 15.1538 15.5045 15.7950 16.0232 16.1872 16.2862 16.3192 16.2862 16.1872 16.0232 15.7950 15.5045 15.1538 14.7459 14.2841 13.7728 13.2170 12.6226 11.9961 11.3448 10.6767 10.0000
10.0000 10.6994 11.3902 12.0639 12.7125 13.3284 13.9048 14.4357 14.9156 15.3400 15.7052 16.0079 16.2458 16.4169 16.5201 16.5546 16.5201 16.4169 16.2458 16.0079 15.7051 15.3400 14.9156 14.4357 13.9048 13.3284 12.7125 12.0639 11.3902 10.6994 10.0000
10.0000 10.7308 11.4527 12.1569 12.8350 13.4793 14.0825 14.6382 15.1408 15.5855 15.9682 16.2856 16.5350 16.7146 16.8229 16.8590 16.8229 16.7146 16.5350 16.2856 15.9682 15.5855 15.1408 14.6382 14.0825 13.4793 12.8350 12.1569 11.4527 10.7308 10.0000
10.0000 10.7712 11.5329 12.2760 12.9915 13.6712 14.3076 14.8938 15.4240 15.8930 16.2966 16.6312 16.8942 17.0835 17.1977 17.2358 17.1977 17.0835 16.8942 16.6312 16.2966 15.8930 15.4240 14.8938 14.3076 13.6712 12.9915 12.2760 11.5329 10.7712 10.0000
10.0000 10.8210 11.6318 12.4225 13.1837 13.9065 14.5828 15.2055 15.7683 16.2659 16.6938 17.0485 17.3272 17.5276 17.6485 17.6889 17.6485 17.5276 17.3272 17.0485 16.6938 16.2659 15.7683 15.2055 14.5828 13.9065 13.1837 12.4225 11.6318 10.8210 10.0000
10.0000 10.8810 11.7508 12.5987 13.4143 14.1882 14.9116 15.5770 16.1778 16.7084 17.1643 17.5419 17.8383 18.0514 18.1798 18.2227 18.1798 18.0514 17.8383 17.5419 17.1643 16.7084 16.1778 15.5770 14.9116 14.1882 13.4143 12.5987 11.7508 10.8810 10.0000
10.0000 10.9520 11.8917 12.8071 13.6868 14.5204 15.2985 16.0132 16.6575 17.2257 17.7132 18.1164 18.4326 18.6598 18.7966 18.8423 18.7966 18.6598 18.4326 18.1164 17.7132 17.2257 16.6575 16.0132 15.2985 14.5204 13.6868 12.8071 11.8917 10.9520 10.0000
10.0000 11.0355 12.0570 13.0512 14.0053 14.9079 15.7489 16.5198 17.2133 17.8236 18.3463 18.7780 19.1160 19.3585 19.5045 19.5533 19.5045 19.3585 19.1160 18.7780 18.3463 17.8236 17.2133 16.5198 15.7489 14.9079 14.0053 13.0512 12.0570 11.0355 10.0000
10.0000 11.1328 12.2497 13.3353 14.3753 15.3570 16.2695 17.1037 17.8522 18.5092 19.0706 19.5332 19.8947 20.1539 20.3097 20.3617 20.3097 20.1539 19.8947 19.5332 19.0706 18.5092 17.8522 17.1037 16.2695 15.3570 14.3753 13.3353 12.2497 11.1328 10.0000
10.0000 11.2461 12.4737 13.6649 14.8036 15.8754 16.8685 17.7733 18.5825 19.2905 19.8936 20.3893 20.7760 21.0526 21.2187 21.2741 21.2187 21.0526 20.7760 20.3893 19.8936 19.2905 18.5825 17.7733 16.8685 15.8754 14.8036 13.6649 12.4737 11.2461 10.0000
10.0000 11.3780 12.7341 14.0472 15.2986 16.4725 17.5558 18.5386 19.4138 20.1767 20.8241 21.3545 21.7672 22.0618 22.2385 22.2974 22.2385 22.0618 21.7672 21.3545 20.8241 20.1767 19.4138 18.5386 17.5558 16.4725 15.2986 14.0472 12.7341 11.3780 10.0000
10.0000 11.5320 13.0373 14.4911 15.8714 17.1601 18.3435 19.4115 20.3576 21.1783 21.8717 22.4375 22.8764 23.1889 23.3761 23.4384 23.3761 23.1889 22.8764 22.4375 21.8717 21.1783 20.3576 19.4115 18.3435 17.1601 15.8714 14.4911 13.0373 11.5320 10.0000
10.0000 11.7125 13.3921 15.0085 16.5356 17.9532 19.2465 20.4061 21.4270 22.3071 23.0468 23.6476 24.1118 24.4415 24.6385 24.7040 24.6385 24.4415 24.1118 23.6476 23.0468 22.3071 21.4270 20.4061 19.2465 17.9532 16.5356 15.0085 13.3921 11.7125 10.0000
10.0000 11.9260 13.8102 15.6151 17.3094 18.8704 20.2832 21.5396 22.6370 23.5763 24.3607 24.9944 25.4817 25.8267 26.0324 26.1007 26.0324 25.8267 25.4817 24.9944 24.3607 23.5763 22.6370 21.5396 20.2832 18.8704 17.3094 15.6151 13.8102 11.9260 10.0000
10.0000 12.1811 14.3078 16.3321 18.2166 19.9360 21.4762 22.8322 24.0052 25.0005 25.8253 26.4874 26.9940 27.3512 27.5636 27.6341 27.5636 27.3512 26.9940 26.4874 25.8253 25.0005 24.0052 22.8322 21.4762 19.9360 18.2166 16.3321 14.3078 12.1811 10.0000
10.0000 12.4906 14.9078 17.1890 19.2889 21.1807 22.8535 24.3077 25.5511 26.5952 27.4527 28.1359 28.6556 29.0204 29.2368 29.3085 29.2368 29.0204 28.6556 28.1359 27.4527 26.5952 25.5511 24.3077 22.8535 21.1807 19.2889 17.1890 14.9078 12.4906 10.0000
10.0000 12.8736 15.6438 18.2271 20.5692 22.6445 24.4493 25.9940 27.2963 28.3765 29.2544 29.9480 30.4721 30.8382 31.0546 31.1262 31.0546 30.8382 30.4721 29.9480 29.2544 28.3765 27.2963 25.9940 24.4493 22.6445 20.5692 18.2271 15.6438 12.8736 10.0000
10.0000 13.3599 16.5668 19.5064 22.1163 24.3788 26.3053 27.9227 29.2635 30.3599 31.2405 31.9297 32.4465 32.8057 33.0172 33.0871 33.0172 32.8057 32.4465 31.9297 31.2405 30.3599 29.2635 27.9227 26.3053 24.3788 22.1163 19.5064 16.5668 13.3599 10.0000
10.0000 13.9992 17.7571 21.1153 24.0109 26.4490 28.4703 30.1280 31.4753 32.5591 33.4182 34.0835 34.5787 34.9208 35.1215 35.1877 35.1215 34.9208 34.5787 34.0835 33.4182 32.5591 31.4753 30.1280 28.4703 26.4490 24.0109 21.1153 17.7571 13.9992 10.0000
10.0000 14.8799 19.3470 23.1867 26.3631 28.9362 30.9988 32.6437 33.9505 34.9828 35.7896 36.4076 36.8638 37.1772 37.3604 37.4207 37.3604 37.1772 36.8638 36.4076 35.7896 34.9828 33.9505 32.6437 30.9988 28.9362 26.3631 23.1867 19.3470 14.8799 10.0000
10.0000 16.1733 21.5642 25.9215 29.3186 31.9337 33.9451 35.4976 36.7003 37.6321 38.3498 38.8936 39.2918 39.5638 39.7223 39.7743 39.7223 39.5638 39.2918 38.8936 38.3498 37.6321 36.7003 35.4976 33.9451 31.9337 29.3186 25.9215 21.5642 16.1733 10.0000
10.0000 18.2493 24.8149 29.6166 33.0561 35.5351 37.3502 38.7014 39.7208 40.4956 41.0839 41.5252 41.8459 42.0639 42.1905 42.2320 42.1905 42.0639 41.8459 41.5252 41.0839 40.4956 39.7208 38.7014 37.3502 35.5351 33.0561 29.6166 24.8149 18.2493 10.0000
10.0000 22.0091 29.8296 34.6738 37.7540 39.8004 41.2190 42.2370 42.9860 43.5454 43.9652 44.2773 44.5027 44.6554 44.7438 44.7728 44.7438 44.6554 44.5027 44.2773 43.9652 43.5454 42.9860 42.2370 41.2190 39.8004 37.7540 34.6738 29.8296 22.0091 10.0000
10.0000 29.9574 37.8205 41.4950 43.4857 44.6937 45.4886 46.0415 46.4406 46.7350 46.9540 47.1159 47.2324 47.3111 47.3566 47.3715 47.3566 47.3111 47.2324 47.1159 46.9540 46.7350 46.4406 46.0415 45.4886 44.6937 43.4857 41.4950 37.8205 29.9574 10.0000
10.0000 50.0000 50.0000 50.0000 50.0000 50.0000 50.0000 50.0000 50.0000 50.0000 50.0000 50.0000 50.0000 50.0000 50.0000 50.0000 50.0000 50.0000 50.0000 50.0000 50.0000 50.0000 50.0000 50.0000 50.0000 50.0000 50.0000 50.0000 50.0000 50.0000 10.0000
